LATTICE_CONSTANT
1.8897261246257702

LATTICE_VECTORS
5.933894310022647 1.1457113854073257e-19 4.36790986823611e-22 
-2.9669875137610093 5.138881666929919 -8.898233989097074e-22 
-0.0001457726488880585 6.864081690352087e-05 14.463283907072379 

ATOMIC_POSITIONS
Cartesian    # Cartesian(Unit is LATTICE_CONSTANT)
Li
0 
12
-2.967134348065 5.138950703818 14.463258720913 1 1 1
-1.483640800723 2.569509520350 14.463259098860 1 1 1
-0.000186958282 5.138951142238 14.463258565676 1 1 1
1.483306350609 2.569510207635 14.463258553225 1 1 1
1.483416203438 0.856506221223 4.821210788458 1 1 1
-0.000077317286 3.425946385321 4.821210845681 1 1 1
4.450364254698 0.856505792482 4.821210761306 1 1 1
2.966870465920 3.425947610314 4.821210008564 1 1 1
-0.000112880109 1.713007125237 9.642114234306 1 1 1
-1.483606512297 4.282447921626 9.642113551224 1 1 1
2.966834287480 1.713007092335 9.642114364877 1 1 1
1.483339889420 4.282448263690 9.642114827703 1 1 1
Fe
5 
12
-0.000033119661 1.712969719108 2.410589248235 1 1 1
-1.483527210717 4.282410128333 2.410588945194 1 1 1
2.966912650661 1.712969698731 2.410589395540 1 1 1
1.483419531262 4.282409223750 2.410588895849 1 1 1
5.933828300028 0.000028817055 7.231744036187 1 1 1
4.450334833208 2.569468725817 7.231744250294 1 1 1
2.966881845944 0.000029041167 7.231744071758 1 1 1
1.483388090771 2.569469483367 7.231744644649 1 1 1
1.483348358045 0.856538342676 12.052654370417 1 1 1
-0.000144908448 3.425978895933 12.052655227608 1 1 1
4.450294901063 0.856537213195 12.052655288629 1 1 1
2.966800602905 3.425978427945 12.052654470205 1 1 1
O
0 
24
-2.967010152108 5.138892293160 3.528361149881 1 1 1
-1.483515651379 2.569450531189 3.528362039151 1 1 1
-0.000062642258 5.138891896165 3.528360964652 1 1 1
1.483430598004 2.569451506325 3.528360656303 1 1 1
1.483455187033 0.856484418442 1.292591597907 1 1 1
-0.000038861287 3.425924894568 1.292590524269 1 1 1
4.450400665522 0.856483177989 1.292591609936 1 1 1
2.966907349516 3.425924284724 1.292593944575 1 1 1
1.483375124843 0.856523553363 8.349648339493 1 1 1
-0.000118856480 3.425964982576 8.349648874340 1 1 1
4.450322893332 0.856523464638 8.349647985393 1 1 1
2.966828954970 3.425964562276 8.349647594954 1 1 1
-0.000098302021 1.713000481725 6.113908825697 1 1 1
-1.483591943627 4.282441387324 6.113907174969 1 1 1
2.966848138152 1.713000969551 6.113908383779 1 1 1
1.483354311378 4.282441201017 6.113909609811 1 1 1
-0.000135037174 1.713020414032 13.170495087368 1 1 1
-1.483629203441 4.282460090964 13.170494763807 1 1 1
2.966810657268 1.713020171166 13.170494698978 1 1 1
1.483317273783 4.282460015746 13.170494002733 1 1 1
-2.967100171700 5.138934425695 10.934769076009 1 1 1
-1.483605430569 2.569494778688 10.934768606982 1 1 1
-0.000152939233 5.138934477031 10.934770019266 1 1 1
1.483340408923 2.569494124448 10.934770681716 1 1 1

ATOMIC_SPECIES
Li 6.941 Li_ONCV_PBE-1.0.upf
Fe 55.845 Fe_ONCV_PBE-1.0.upf
O 15.999 O_ONCV_PBE-1.0.upf

NUMERICAL_ORBITAL
Li_gga_7au_100Ry_4s1p.orb
Fe_gga_8au_100Ry_4s2p2d1f.orb
O_gga_7au_100Ry_2s2p1d.orb
