LATTICE_CONSTANT
1.8897261246257702

LATTICE_VECTORS
5.610834235154562 -1.6696550921211872e-19 -5.409725994754598e-18 
-2.7883042451550577 4.868893350783616 4.274701828300005e-18 
-0.3237727038532257 0.18831802664432926 14.24591309981616 

ATOMIC_POSITIONS
Cartesian    # Cartesian(Unit is LATTICE_CONSTANT)
Li
0 
6
-1.717932187068 2.622749668930 14.245816869920 1 1 1
2.481634509510 0.188307892222 14.245816631040 1 1 1
1.289483001361 0.878988574231 4.744584584259 1 1 1
2.700746479601 3.313431774854 4.744584436877 1 1 1
-0.201982961428 1.743769865509 9.501314540516 1 1 1
1.209280766804 4.178206019103 9.501314877369 1 1 1
Co
0 
12
-0.054658679085 1.658115046091 2.372890114884 1 1 1
-1.448799686691 4.092524934651 2.372472723866 1 1 1
2.750710774286 1.658101516204 2.372506387880 1 1 1
1.356622021309 4.092523719410 2.372908199684 1 1 1
1.249463461581 2.528607787788 7.123194546180 1 1 1
-0.144702311109 4.963062374955 7.123180647862 1 1 1
4.054865382276 2.528613899953 7.123183094304 1 1 1
2.660726331546 4.963054755681 7.123194474186 1 1 1
1.142090525409 0.964656603460 11.872755015970 1 1 1
-0.252020773818 3.399117923642 11.873297290534 1 1 1
3.947551838376 0.964668878879 11.873274896732 1 1 1
2.553332543700 3.399090827827 11.872790927616 1 1 1
O
0 
24
-2.820579609567 4.887769160483 3.375555266366 1 1 1
4.130438296568 2.484608822419 3.348158099353 1 1 1
2.719147246438 0.050115057251 3.348148807893 1 1 1
1.379004962380 2.453301469411 3.375530477859 1 1 1
1.370860132518 0.831746049048 1.397895636614 1 1 1
-0.076047440977 3.296791266720 1.370171765304 1 1 1
4.123454551639 0.862342543529 1.370163897409 1 1 1
2.782121396109 3.266192359054 1.397888956281 1 1 1
1.217722539334 0.920721180164 8.098988618973 1 1 1
-0.122379584078 3.323845818825 8.125914832764 1 1 1
4.077182147757 0.889389265828 8.125909117460 1 1 1
2.628980841510 3.355169980698 8.098993813979 1 1 1
-0.130066196933 1.702054407284 6.147332203527 1 1 1
-1.578286040896 4.167830683651 6.120358014340 1 1 1
2.621281405604 1.733385912627 6.120360901867 1 1 1
1.281195550945 4.136496198852 6.147337425336 1 1 1
-0.283500048801 1.790994630365 12.847797101055 1 1 1
-1.624800567469 4.194870908879 12.875431556860 1 1 1
2.574757646248 1.760393871366 12.875420146374 1 1 1
1.127757874283 4.225461456768 12.847790726179 1 1 1
5.319289638960 0.169492281806 10.870174745154 1 1 1
-1.631780675157 2.572652479694 10.897673016264 1 1 1
-0.220503653751 5.007061534949 10.897678264971 1 1 1
1.119740847157 2.603923449395 10.870158294229 1 1 1

ATOMIC_SPECIES
Li 6.941 Li_ONCV_PBE-1.0.upf
Co 58.933 Co_ONCV_PBE-1.0.upf
O 15.999 O_ONCV_PBE-1.0.upf

NUMERICAL_ORBITAL
Li_gga_7au_100Ry_4s1p.orb
Co_gga_8au_100Ry_4s2p2d1f.orb
O_gga_7au_100Ry_2s2p1d.orb
