LATTICE_CONSTANT
1.8897261246257702

LATTICE_VECTORS
10.262538985701017 -2.2502802366474335e-23 8.132241509375229e-20 
-1.3950674946151537e-06 5.5468836100334284 3.5950913044425997e-22 
-3.860697672808347 -1.0664740685008136e-05 9.378892810411719 

ATOMIC_POSITIONS
Cartesian    # Cartesian(Unit is LATTICE_CONSTANT)
Li
0 
16
1.601448240391 -0.000001006556 2.345787008027 1 1 1
-0.328906272718 -0.000008953823 7.035237021017 1 1 1
1.601442500990 2.773437777514 2.345792340392 1 1 1
-0.328905373520 2.773434710730 7.035231730981 1 1 1
6.732753804387 -0.000001921397 2.345785752149 1 1 1
4.802399108358 -0.000007177601 7.035237470413 1 1 1
6.732747158512 2.773438675274 2.345793752343 1 1 1
4.802403554942 2.773433643420 7.035230051916 1 1 1
-0.964172991367 1.386717019247 2.345794637414 1 1 1
-2.894522159106 1.386714503639 7.035227797812 1 1 1
-0.964166848252 4.160160980823 2.345783358103 1 1 1
-2.894530227751 4.160153334773 7.035238931049 1 1 1
4.167098380609 1.386718669161 2.345794507929 1 1 1
2.236756071505 1.386711879018 7.035226107882 1 1 1
4.167105679751 4.160159265475 2.345782560403 1 1 1
2.236746485541 4.160155630871 7.035238596181 1 1 1
Ni
1 
16
-1.295506580871 1.386710992032 9.378427272855 1 1 1
0.634782670420 1.386721513179 4.689402342430 1 1 1
-1.295506011947 4.160151918319 9.378425787608 1 1 1
0.634782572194 4.160150467864 4.689402069660 1 1 1
3.835828751822 1.386703512785 9.378447459211 1 1 1
5.766105490206 1.386715949023 4.689443427712 1 1 1
3.835826132776 4.160159919424 9.378448633392 1 1 1
5.766104570061 4.160156467243 4.689443460005 1 1 1
6.401420283847 5.546867727712 9.378445391465 1 1 1
8.331708441929 5.546884606701 4.689416877716 1 1 1
6.401428475395 2.773436646550 9.378436763386 1 1 1
8.331714779835 2.773429462835 4.689411000894 1 1 1
1.270165545905 5.546866118899 9.378424537742 1 1 1
3.200456430576 5.546884155526 4.689407506394 1 1 1
1.270158491039 2.773438027449 9.378432419528 1 1 1
3.200451485482 2.773430175891 4.689412466584 1 1 1
O
0 
32
0.717356495983 1.386720791771 1.062280959210 1 1 1
-1.213060639188 1.386716407365 5.752004728207 1 1 1
0.717351550020 4.160162798376 1.062278667201 1 1 1
-1.213055922939 4.160155983465 5.752005160402 1 1 1
5.848681810091 1.386721599587 1.062216951228 1 1 1
3.918243829417 1.386714316412 5.751970281638 1 1 1
5.848676087874 4.160162037958 1.062216396435 1 1 1
3.918244602154 4.160158101250 5.751969205470 1 1 1
2.482994834481 1.386716044734 3.626438626276 1 1 1
0.552657361781 1.386710053480 8.315490091885 1 1 1
2.482991160874 4.160156597656 3.626440465917 1 1 1
0.552658677056 4.160152259039 8.315488942286 1 1 1
7.614268862761 1.386714619681 3.626413945509 1 1 1
5.683971277439 1.386709895102 8.315449609343 1 1 1
7.614267128504 4.160157835078 3.626413854099 1 1 1
5.683973594195 4.160152979634 8.315449288189 1 1 1
3.282984315919 -0.000000376051 1.062244574856 1 1 1
1.352553858849 -0.000005091066 5.751994663600 1 1 1
3.282982980895 2.773442610720 1.062245328127 1 1 1
1.352548787116 2.773434779491 5.751993796299 1 1 1
8.414306603437 0.000000034537 1.062288674294 1 1 1
6.483864103728 -0.000005158760 5.752054187506 1 1 1
8.414304719013 2.773443190015 1.062286501722 1 1 1
6.483862295754 2.773434840058 5.752054508091 1 1 1
-0.082647700238 -0.000004953883 3.626387267837 1 1 1
-2.012967516055 -0.000010510725 8.315441084139 1 1 1
-0.082648542600 2.773435623152 3.626388132615 1 1 1
-2.012972455322 2.773431638847 8.315438762373 1 1 1
5.048677474687 -0.000005547408 3.626431801970 1 1 1
3.118361600456 -0.000009448199 8.315466270259 1 1 1
5.048679036454 2.773436614881 3.626429783118 1 1 1
3.118359200601 2.773431026755 8.315466902148 1 1 1

ATOMIC_SPECIES
Li 6.941 Li_ONCV_PBE-1.0.upf
Ni 58.693 Ni_ONCV_PBE-1.0.upf
O 15.999 O_ONCV_PBE-1.0.upf

NUMERICAL_ORBITAL
Li_gga_7au_100Ry_4s1p.orb
Ni_gga_8au_100Ry_4s2p2d1f.orb
O_gga_7au_100Ry_2s2p1d.orb
