LATTICE_CONSTANT
1.8897261246257702

LATTICE_VECTORS
6.0849323902765855 -1.0309466221162223e-19 5.61712845285165e-21 
-3.0425033637646117 5.269684677015632 6.131299349367746e-21 
4.485403778752844e-05 -2.786853040784377e-05 16.003697358891927 

ATOMIC_POSITIONS
Cartesian    # Cartesian(Unit is LATTICE_CONSTANT)
Na
0 
12
-3.042456136513 5.269655360093 16.003664370900 1 1 1
-1.521204360678 2.634813070360 16.003664601614 1 1 1
0.000010128274 5.269655227276 16.003664628470 1 1 1
1.521261798447 2.634813178219 16.003664478197 1 1 1
1.521242878168 0.878271972659 5.332641144181 1 1 1
-0.000008823616 3.513114132315 5.332640735709 1 1 1
4.563709102394 0.878272039477 5.332640828444 1 1 1
3.042457444557 3.513114137349 5.332640912125 1 1 1
0.000018400471 1.756541698923 10.671067085353 1 1 1
-1.521233453636 4.391384327794 10.671067111305 1 1 1
3.042484607377 1.756541958802 10.671066938313 1 1 1
1.521232898167 4.391384256087 10.671067106229 1 1 1
Cr
3 
12
-0.000002562575 1.756557182919 2.664164765975 1 1 1
-1.521253403320 4.391399096592 2.664164883378 1 1 1
3.042463788295 1.756556512461 2.664166630448 1 1 1
1.521211175675 4.391398814091 2.664164665252 1 1 1
6.084950545750 -0.000010903557 8.001908663738 1 1 1
4.563698665183 2.634831069990 8.001908815807 1 1 1
3.042484642343 -0.000011582562 8.001908746595 1 1 1
1.521232400340 2.634830993249 8.001908646183 1 1 1
1.521265536570 0.878255461426 13.339489980755 1 1 1
0.000013358580 3.513097516619 13.339489957870 1 1 1
4.563731855804 0.878255723146 13.339490005985 1 1 1
3.042479442899 3.513097607946 13.339488515717 1 1 1
O
0 
24
-3.042491360486 5.269679273276 3.721358558506 1 1 1
-1.521239864858 2.634836738032 3.721357888350 1 1 1
-0.000025366543 5.269679472714 3.721357959185 1 1 1
1.521226476592 2.634836593065 3.721358019381 1 1 1
1.521235664916 0.878276569851 1.607372329521 1 1 1
-0.000015882022 3.513118994331 1.607372642092 1 1 1
4.563702112884 0.878276530968 1.607372470414 1 1 1
3.042450174622 3.513119330930 1.607371905235 1 1 1
1.521244488091 0.878269958749 9.059045906930 1 1 1
-0.000007234163 3.513112315574 9.059046099246 1 1 1
4.563710612782 0.878269872941 9.059046163740 1 1 1
3.042458787118 3.513112495653 9.059046236003 1 1 1
0.000001946175 1.756552633869 6.944745272049 1 1 1
-1.521249617876 4.391394684423 6.944745362028 1 1 1
3.042468280004 1.756552523572 6.944745464920 1 1 1
1.521216677189 4.391394781438 6.944744997967 1 1 1
0.000028364105 1.756534485093 14.396270406931 1 1 1
-1.521223199641 4.391376846896 14.396270715436 1 1 1
3.042494711147 1.756534473816 14.396270836895 1 1 1
1.521242780911 4.391377064394 14.396270853678 1 1 1
3.042466727445 5.269659012446 12.282304510482 1 1 1
4.563718059833 2.634816969959 12.282304309337 1 1 1
0.000000402234 5.269659201874 12.282304242171 1 1 1
1.521252207021 2.634816765414 12.282304474265 1 1 1

ATOMIC_SPECIES
Na 22.989 Na_ONCV_PBE-1.0.upf
Cr 51.996 Cr_ONCV_PBE-1.0.upf
O 15.999 O_ONCV_PBE-1.0.upf

NUMERICAL_ORBITAL
Na_gga_8au_100Ry_4s2p1d.orb
Cr_gga_8au_100Ry_4s2p2d1f.orb
O_gga_7au_100Ry_2s2p1d.orb
