LATTICE_CONSTANT
1.8897261246257702

LATTICE_VECTORS
6.199583609354197 -3.2909115346842915e-19 -4.528377019077874e-18 
-3.5587787804871667 5.0759667418016114 1.6440375926261717e-18 
-1.3040288979478867 0.6778502489364809 14.466061305603676 

ATOMIC_POSITIONS
Cartesian    # Cartesian(Unit is LATTICE_CONSTANT)
Li
0 
12
6.198910998370 0.000503379993 0.000559774769 1 1 1
4.419521829646 2.538486622508 0.000559629309 1 1 1
3.099119445676 0.000503263791 0.000559462357 1 1 1
1.319729993855 2.538486715477 0.000559675124 1 1 1
1.039064004547 1.071749033141 4.821930426477 1 1 1
-0.740325289022 3.609732364406 4.821930366831 1 1 1
4.138856178496 1.071749114071 4.821930312964 1 1 1
2.359466658933 3.609732515306 4.821930335134 1 1 1
-1.021310572116 2.143064643044 9.643276538747 1 1 1
-2.800699871971 4.681047722106 9.643276544288 1 1 1
2.078481193363 2.143064591299 9.643276414095 1 1 1
0.299091733121 4.681047893720 9.643276618159 1 1 1
Mn
4 
12
-0.370224903973 1.806394527024 2.410844365126 1 1 1
-2.149613097848 4.344377701093 2.410843418008 1 1 1
2.729567465147 1.806394311587 2.410844003528 1 1 1
0.950177770272 4.344377969583 2.410843872564 1 1 1
1.988398851804 5.413405308832 7.233136598996 1 1 1
3.767787994758 2.875422533120 7.233137617436 1 1 1
-1.111391726266 5.413404647190 7.233137805431 1 1 1
0.667997138036 2.875421351061 7.233138138002 1 1 1
0.387136695419 1.411015077291 12.054927218903 1 1 1
-1.392252384666 3.948998817302 12.054927153418 1 1 1
3.486928647627 1.411015767947 12.054927257829 1 1 1
1.707539546594 3.948999077422 12.054926361679 1 1 1
O
0 
24
5.795660163377 0.210981148206 3.541070541559 1 1 1
4.016270180401 2.748964480895 3.541071198707 1 1 1
2.695868109931 0.210981233352 3.541071150581 1 1 1
0.916478834376 2.748964615022 3.541070621407 1 1 1
1.441337868531 0.863957416756 1.281109709616 1 1 1
-0.338049837994 3.401940242726 1.281108661576 1 1 1
4.541130495258 0.863957063718 1.281109211573 1 1 1
2.761741990089 3.401939983393 1.281109047506 1 1 1
0.635099016027 1.280073418992 8.363392993433 1 1 1
-1.144290286494 3.818056636963 8.363392811393 1 1 1
3.734890313203 1.280073490131 8.363393438997 1 1 1
1.955501776578 3.818056674478 8.363393360627 1 1 1
-0.618881833172 1.932628342009 6.103058680964 1 1 1
-2.398271632525 4.470612120825 6.103058610185 1 1 1
2.480909402675 1.932628641354 6.103058736470 1 1 1
0.701520618111 4.470612031627 6.103058669017 1 1 1
-1.425590091032 2.354097462193 13.185312683175 1 1 1
-3.204978662175 4.892080528216 13.185312307251 1 1 1
1.674201585345 2.354097384068 13.185312594181 1 1 1
-0.105187540289 4.892080491515 13.185312647570 1 1 1
-4.458959541309 5.544174588852 10.924718333274 1 1 1
-2.679569812592 3.006191125934 10.924718364782 1 1 1
-1.359167180025 5.544174137016 10.924718406375 1 1 1
0.420222773830 3.006190655097 10.924717943411 1 1 1

ATOMIC_SPECIES
Li 6.941 Li_ONCV_PBE-1.0.upf
Mn 54.938 Mn_ONCV_PBE-1.0.upf
O 15.999 O_ONCV_PBE-1.0.upf

NUMERICAL_ORBITAL
Li_gga_7au_100Ry_4s1p.orb
Mn_gga_9au_100Ry_4s2p2d1f.orb
O_gga_7au_100Ry_2s2p1d.orb
