LATTICE_CONSTANT
1.8897261246257702

LATTICE_VECTORS
5.93239411874897 -7.056793597412101e-21 1.7853766044145824e-21 
-2.966175981444595 5.137616521382144 -2.7835671901247114e-21 
5.172313872249578e-05 -2.3005743738560475e-05 14.325271184977796 

ATOMIC_POSITIONS
Cartesian    # Cartesian(Unit is LATTICE_CONSTANT)
Li
0 
12
5.932443190336 -0.000022740171 14.325263738781 1 1 1
4.449357702648 2.568784670450 14.325262183546 1 1 1
2.966249990211 -0.000023311040 14.325262482245 1 1 1
1.483159492523 2.568786740225 14.325263867932 1 1 1
1.483122688241 0.856260759919 4.774965709124 1 1 1
0.000031588546 3.425069244633 4.774966696756 1 1 1
4.449316136661 0.856262243307 4.774965796049 1 1 1
2.966231255357 3.425067126053 4.774965731113 1 1 1
0.000040857264 1.712523488985 9.550286501471 1 1 1
-1.483044690236 4.281330544947 9.550289283581 1 1 1
2.966239709826 1.712521984059 9.550287868604 1 1 1
1.483149486518 4.281331574456 9.550286574625 1 1 1
Cr
3 
12
0.000014609203 1.712535910998 2.391383253912 1 1 1
-1.483070875805 4.281344093932 2.391393691201 1 1 1
2.966214128809 1.712534592017 2.391381113935 1 1 1
1.483124764569 4.281345853240 2.391380382634 1 1 1
5.932428454445 -0.000016744256 7.162632487951 1 1 1
4.449336114357 2.568792949885 7.162632546349 1 1 1
2.966227349965 -0.000014430505 7.162634164376 1 1 1
1.483143410955 2.568790776411 7.162628692677 1 1 1
1.483139066234 0.856254156326 11.933905718173 1 1 1
0.000052641370 3.425060916066 11.933902685591 1 1 1
4.449330064249 0.856255068883 11.933905156853 1 1 1
2.966247825930 3.425061723164 11.933904826083 1 1 1
O
0 
24
5.932397083285 0.000002587060 3.478291479423 1 1 1
4.449314442146 2.568800890867 3.478285621214 1 1 1
2.966209499990 0.000001992116 3.478288477605 1 1 1
1.483116358473 2.568805966247 3.478292665837 1 1 1
1.483106309286 0.856269647661 1.302678151127 1 1 1
0.000022676144 3.425078012714 1.302675369922 1 1 1
4.449305606178 0.856267712901 1.302649322023 1 1 1
2.966215199395 3.425077765851 1.302680551891 1 1 1
1.483133746700 0.856253110925 8.249890700590 1 1 1
0.000048592673 3.425060187270 8.249916561509 1 1 1
4.449334555175 0.856251990638 8.249915131390 1 1 1
2.966243618414 3.425062268381 8.249890286442 1 1 1
0.000041099748 1.712521864423 6.075342929272 1 1 1
-1.483037888907 4.281324392314 6.075342369743 1 1 1
2.966246443006 1.712516458664 6.075345015778 1 1 1
1.483149427432 4.281329066605 6.075343369774 1 1 1
0.000033542214 1.712530215833 13.022711587312 1 1 1
-1.483012337413 4.281322588060 13.022665932389 1 1 1
2.966233834776 1.712526816301 13.022725490592 1 1 1
1.483140921371 4.281333521346 13.022712306590 1 1 1
-2.966137162183 5.137598726926 10.846915765844 1 1 1
-1.483060208556 2.568799224354 10.846913514698 1 1 1
0.000045535866 5.137603124914 10.846916406088 1 1 1
1.483145834025 2.568790705704 10.846911107218 1 1 1

ATOMIC_SPECIES
Li 6.941 Li_ONCV_PBE-1.0.upf
Cr 51.996 Cr_ONCV_PBE-1.0.upf
O 15.999 O_ONCV_PBE-1.0.upf

NUMERICAL_ORBITAL
Li_gga_7au_100Ry_4s1p.orb
Cr_gga_8au_100Ry_4s2p2d1f.orb
O_gga_7au_100Ry_2s2p1d.orb
