LATTICE_CONSTANT
1.8897261246257702

LATTICE_VECTORS
5.517862989974152 2.4064165586991945e-18 1.4664672357050185e-19 
-2.851002411717895 4.94716759154054 -1.868254154133844e-19 
-0.17293582385001358 -0.17916650115859029 14.287081187921272 

ATOMIC_POSITIONS
Cartesian    # Cartesian(Unit is LATTICE_CONSTANT)
Li
0 
6
-1.423243563030 2.475268154882 0.000109815598 1 1 1
-0.089802238420 4.948863357314 0.000110561845 1 1 1
1.314819799994 0.764230233183 4.761549962215 1 1 1
2.648245197064 3.237814574827 4.761578902599 1 1 1
-0.154488616948 1.529997506815 9.525780821209 1 1 1
1.178936201738 4.003593784482 9.525781180294 1 1 1
Ni
1 
12
-0.049769643199 1.615077096570 2.379149860262 1 1 1
-1.475033200829 4.088238737445 2.380039735090 1 1 1
2.709415197302 1.614621002419 2.380093154267 1 1 1
1.283623658892 4.088635560207 2.379162287500 1 1 1
1.245997479987 2.383511289196 7.144365695343 1 1 1
2.671516502314 -0.090050295264 7.144463346648 1 1 1
4.004942260101 2.383540121473 7.144439938444 1 1 1
-0.087391477230 -0.089948051454 7.144332966032 1 1 1
1.210883481997 0.679546403791 11.907315422670 1 1 1
-0.214895072728 3.153642761584 11.905971310711 1 1 1
3.969512592129 0.680004731464 11.905973918501 1 1 1
2.544355563594 3.153069193236 11.907250406899 1 1 1
O
0 
24
-2.853916680471 4.780003260702 3.403088744963 1 1 1
4.036449868740 2.493396355052 3.351293964585 1 1 1
2.704566068793 0.018911114716 3.350007069555 1 1 1
1.330176732389 2.304603517880 3.403902537087 1 1 1
1.381619643199 0.736189411193 1.409144897600 1 1 1
-0.097059872763 3.397631634493 1.355353948912 1 1 1
4.087576184078 0.925958194078 1.354766203062 1 1 1
2.713634968822 3.210389135700 1.410509698913 1 1 1
1.238196704438 0.789192367037 8.116402163836 1 1 1
-0.133430078641 3.074562741728 8.167669438089 1 1 1
4.050786521917 0.598960840183 8.168576478861 1 1 1
2.573356001658 3.261780102636 8.114881078962 1 1 1
-0.081481256875 1.505317534868 6.173510264313 1 1 1
-1.558695836766 4.168215189205 6.120098642659 1 1 1
2.625401745361 1.692301994648 6.121117842110 1 1 1
1.253799602925 3.977677705354 6.172354144232 1 1 1
-0.219255140235 1.557845112114 12.875676404109 1 1 1
-1.592978450294 3.842445427727 12.931305845289 1 1 1
2.591763116204 1.370781731233 12.930723576656 1 1 1
1.112799912341 4.032218253931 12.877049652435 1 1 1
-0.169315848931 -0.012097156059 10.883263701875 1 1 1
-1.541754347231 2.274798582544 10.934735806128 1 1 1
-0.210098553198 4.749398789403 10.936011152415 1 1 1
1.164302304795 2.463471396794 10.882534456457 1 1 1

ATOMIC_SPECIES
Li 6.941 Li_ONCV_PBE-1.0.upf
Ni 58.693 Ni_ONCV_PBE-1.0.upf
O 15.999 O_ONCV_PBE-1.0.upf

NUMERICAL_ORBITAL
Li_gga_7au_100Ry_4s1p.orb
Ni_gga_8au_100Ry_4s2p2d1f.orb
O_gga_7au_100Ry_2s2p1d.orb
