LATTICE_CONSTANT
1.8897261246257702

LATTICE_VECTORS
5.819160546975864 -2.201338824763015e-21 -4.712106720537034e-22 
-2.9101240880536303 5.039226817956164 7.620114715330368e-22 
0.000550212347376232 -0.0003166689863517486 15.644400355654833 

ATOMIC_POSITIONS
Cartesian    # Cartesian(Unit is LATTICE_CONSTANT)
Na
0 
12
0.000551158990 -0.000315372285 15.644157211807 1 1 1
-1.454511202566 2.519297869477 15.644156263500 1 1 1
2.910131520274 -0.000314680560 15.644155842689 1 1 1
1.455069867758 2.519297952854 15.644155886963 1 1 1
1.454885504863 0.839761566588 5.215240553580 1 1 1
-0.000175880810 3.359375211057 5.215240914765 1 1 1
4.364467067645 0.839761649162 5.215240933796 1 1 1
2.909404367023 3.359376003259 5.215240870566 1 1 1
0.000174290730 1.679538416210 10.429371011053 1 1 1
-1.454887622584 4.199151557244 10.429371140196 1 1 1
2.909754635285 1.679538339062 10.429370716659 1 1 1
1.454692397382 4.199151665291 10.429371045958 1 1 1
Co
0 
12
-0.000074172981 1.679678821919 2.607709696687 1 1 1
-1.455139239538 4.199294265808 2.607708678669 1 1 1
2.909506107928 1.679674516568 2.607726083043 1 1 1
1.454445923762 4.199293565145 2.607708676542 1 1 1
0.000260212239 -0.000157426590 7.822649635477 1 1 1
-1.454802915035 2.519456337831 7.822649703654 1 1 1
2.909838991526 -0.000157189720 7.822649797308 1 1 1
1.454777925113 2.519455557122 7.822649805075 1 1 1
1.455161755311 0.839613359430 13.036263682762 1 1 1
0.000099783287 3.359227705864 13.036263478743 1 1 1
4.364742606222 0.839613646358 13.036263751606 1 1 1
2.909680508949 3.359227997582 13.036263783234 1 1 1
O
0 
24
0.000135367286 -0.000074769756 3.602513601179 1 1 1
-1.454925747720 2.519533504361 3.602517801995 1 1 1
2.909713157725 -0.000076802404 3.602520347798 1 1 1
1.454650206933 2.519531985352 3.602518302176 1 1 1
1.454774114065 0.839825538842 1.613293096575 1 1 1
-0.000286225265 3.359437090637 1.613287765878 1 1 1
4.364359960608 0.839826746890 1.613291918044 1 1 1
2.909296156892 3.359440663687 1.613290789736 1 1 1
1.454989727011 0.839695894461 8.816829564911 1 1 1
-0.000073514274 3.359312558389 8.816830555702 1 1 1
4.364567873429 0.839695943002 8.816829924504 1 1 1
2.909506930283 3.359311546386 8.816831207368 1 1 1
0.000050388091 1.679600506242 6.828398016920 1 1 1
-1.455011597972 4.199216610878 6.828399576268 1 1 1
2.909629252646 1.679599415903 6.828398787997 1 1 1
1.454567179438 4.199215883977 6.828399534699 1 1 1
0.000308719488 1.679470719477 14.030621439845 1 1 1
-1.454753494384 4.199079973077 14.030619304888 1 1 1
2.909889980286 1.679471422821 14.030620623163 1 1 1
1.454828065281 4.199080456685 14.030619193564 1 1 1
0.000431471387 -0.000243139976 12.041550443795 1 1 1
-1.454630340810 2.519375343907 12.041551531163 1 1 1
2.910012162008 -0.000242856780 12.041549717484 1 1 1
1.454950048034 2.519375600694 12.041551167165 1 1 1

ATOMIC_SPECIES
Na 22.989 Na_ONCV_PBE-1.0.upf
Co 58.933 Co_ONCV_PBE-1.0.upf
O 15.999 O_ONCV_PBE-1.0.upf

NUMERICAL_ORBITAL
Na_gga_8au_100Ry_4s2p1d.orb
Co_gga_8au_100Ry_4s2p2d1f.orb
O_gga_7au_100Ry_2s2p1d.orb
