LATTICE_CONSTANT
1.8897261246257702

LATTICE_VECTORS
11.018360024426745 -3.513788587766048e-23 1.4531299224077103e-18 
-1.0122238861285784e-05 5.715364381291275 1.285282924946917e-22 
-4.704033706945762 -1.7793862283308298e-05 9.641166168263076 

ATOMIC_POSITIONS
Cartesian    # Cartesian(Unit is LATTICE_CONSTANT)
Li
0 
16
9.842337098367 1.428833767963 2.410272030081 1 1 1
7.490334176908 1.428835247216 7.230866113469 1 1 1
9.842335283936 4.286523504786 2.410285018909 1 1 1
7.490331654661 4.286504414237 7.230863824324 1 1 1
4.333169303774 1.428831525220 2.410303559897 1 1 1
1.981137905852 1.428832298990 7.230872107942 1 1 1
4.333161826345 4.286522538930 2.410297436118 1 1 1
1.981138282062 4.286505351658 7.230888272604 1 1 1
1.578570915469 5.715361118994 2.410300023333 1 1 1
-0.773446058070 5.715348128009 7.230887642365 1 1 1
1.578584388827 2.857675156927 2.410301966471 1 1 1
-0.773439493201 2.857670087457 7.230885882474 1 1 1
7.087763537708 5.715361074066 2.410280572616 1 1 1
4.735744173990 5.715351980788 7.230868684871 1 1 1
7.087771358139 2.857675898263 2.410289625973 1 1 1
4.735755600710 2.857669627834 7.230865683733 1 1 1
Mn
4 
16
0.000033477545 0.000020372931 -0.000114953639 1 1 1
-2.352076305117 -0.000010537692 4.820679705357 1 1 1
0.000061115124 2.857683756672 -0.000075490498 1 1 1
-2.352073056091 2.857682012752 4.820677163726 1 1 1
5.509233510584 0.000001905763 -0.000022368702 1 1 1
3.157128604212 0.000006664472 4.820740319943 1 1 1
5.509218198225 2.857699649326 -0.000015904386 1 1 1
3.157115144525 2.857673766311 4.820702029951 1 1 1
2.754707494732 1.428838077392 -0.000068078916 1 1 1
0.402510703304 1.428800600696 4.820664822400 1 1 1
2.754664315679 4.286516519831 -0.000057635125 1 1 1
0.402496557439 4.286510812560 4.820684581494 1 1 1
8.263780959382 1.428822200103 -0.000193281020 1 1 1
5.911615340737 1.428838340450 4.820621078807 1 1 1
8.263855368937 4.286525224759 -0.000119978823 1 1 1
5.911663070640 4.286507279487 4.820611930544 1 1 1
O
0 
32
-0.306333110815 -0.000026358109 3.691661375843 1 1 1
-2.658244466563 -0.000006575507 8.512142129532 1 1 1
-0.306359315487 2.857652300802 3.691655016584 1 1 1
-2.658233952044 2.857643070099 8.512101446756 1 1 1
5.202840423968 -0.000015826494 3.691593461712 1 1 1
2.850860764331 -0.000065490403 8.512069197491 1 1 1
5.202837137876 2.857690010850 3.691604729736 1 1 1
2.850833640900 2.857690157534 8.512049600300 1 1 1
3.463510203998 -0.000012363075 1.128951363425 1 1 1
1.111395183611 -0.000038035435 5.949655616843 1 1 1
3.463517597627 2.857687174543 1.128997584714 1 1 1
1.111369489181 2.857663892849 5.949677055141 1 1 1
8.972631147472 0.000025342057 1.128826250112 1 1 1
6.620595988046 0.000013416472 5.949552762166 1 1 1
8.972647882526 2.857648763025 1.128855863434 1 1 1
6.620574284356 2.857668634090 5.949555281095 1 1 1
2.448304139420 1.428828943905 3.691722377652 1 1 1
0.096286740514 1.428833289076 8.512193829282 1 1 1
2.448278196841 4.286522337646 3.691682074703 1 1 1
0.096271554904 4.286509762269 8.512189010680 1 1 1
7.957463140460 1.428832393327 3.691629848324 1 1 1
5.605480914873 1.428843912441 8.512077916394 1 1 1
7.957419197926 4.286517999465 3.691660799182 1 1 1
5.605516383148 4.286508763795 8.512069275592 1 1 1
0.708891085666 1.428843753657 1.128931191400 1 1 1
-1.643160693325 1.428831516695 5.949648217059 1 1 1
0.708911377042 4.286540540721 1.128896736862 1 1 1
-1.643196772414 4.286510752850 5.949651660607 1 1 1
6.218081564162 1.428848914993 1.128980227562 1 1 1
3.866018516722 1.428850414674 5.949650435466 1 1 1
6.218076442742 4.286518185279 1.128972829500 1 1 1
3.866024275220 4.286523194728 5.949701033504 1 1 1

ATOMIC_SPECIES
Li 6.941 Li_ONCV_PBE-1.0.upf
Mn 54.938 Mn_ONCV_PBE-1.0.upf
O 15.999 O_ONCV_PBE-1.0.upf

NUMERICAL_ORBITAL
Li_gga_7au_100Ry_4s1p.orb
Mn_gga_9au_100Ry_4s2p2d1f.orb
O_gga_7au_100Ry_2s2p1d.orb
