LATTICE_CONSTANT
1.8897261246257702

LATTICE_VECTORS
5.840274760408615 -3.0198068471524896e-20 -3.370649326156179e-20 
-2.920265518016014 5.727927615646219 -4.015612219634831e-19 
-0.0013997090118310885 -1.1409107521436432 16.09931662241868 

ATOMIC_POSITIONS
Cartesian    # Cartesian(Unit is LATTICE_CONSTANT)
Na
0 
12
-2.921472878803 4.586976040981 16.099330215391 1 1 1
-1.461340556123 1.723012739501 16.099330201893 1 1 1
-0.001335962216 4.586976216148 16.099330566659 1 1 1
1.458797144354 1.723012400714 16.099330370252 1 1 1
1.460742491582 0.570650199766 5.366911188077 1 1 1
0.000609596668 3.434612595814 5.366911314539 1 1 1
4.380879578012 0.570649053548 5.366910703033 1 1 1
2.920747257228 3.434613623112 5.366910854416 1 1 1
-0.002242789248 1.152431941221 10.732492109005 1 1 1
-1.462375231229 4.016397757137 10.732491607730 1 1 1
2.917896185795 1.152431293498 10.732491711512 1 1 1
1.457763478012 4.016394290820 10.732491374690 1 1 1
Mn
4 
12
0.000300114720 1.713347063261 2.684216161921 1 1 1
-1.459833231866 4.577310889102 2.684218266980 1 1 1
2.920448699231 1.713348414428 2.684215449187 1 1 1
1.460317166996 4.577312483007 2.684214039918 1 1 1
5.839540900286 -0.570481917536 8.049725170618 1 1 1
4.379410587484 2.293480461966 8.049725430532 1 1 1
2.919402552531 -0.570483820299 8.049726627580 1 1 1
1.459267130818 2.293480727500 8.049725895098 1 1 1
1.458233416987 0.009663531641 13.415073094546 1 1 1
-0.001894532175 2.873627884434 13.415071722103 1 1 1
4.378398018234 0.009668559640 13.415069712212 1 1 1
2.918259810070 2.873632367215 13.415067649731 1 1 1
O
0 
24
2.920348376792 5.293769677727 3.789048605342 1 1 1
4.380480746860 2.429805998766 3.789048290436 1 1 1
0.000211173843 5.293768703695 3.789049000301 1 1 1
1.460343543574 2.429804642142 3.789048203801 1 1 1
1.460298665159 1.002600761384 1.577287491599 1 1 1
0.000165815296 3.866564683194 1.577287012176 1 1 1
4.380435901559 1.002599917593 1.577286922403 1 1 1
2.920303704697 3.866564075275 1.577286767893 1 1 1
1.459164682143 0.144943660859 9.155248842850 1 1 1
-0.000968118625 3.008907846719 9.155248658297 1 1 1
4.379302342664 0.144943158970 9.155248660779 1 1 1
2.919169527899 3.008906972117 9.155248821782 1 1 1
-0.000702665354 1.578236149237 6.944125501639 1 1 1
-1.460835499346 4.442199737322 6.944125270203 1 1 1
2.919434866662 1.578235435439 6.944126172695 1 1 1
1.459302083365 4.442199776604 6.944125405117 1 1 1
-0.001551997058 0.720385667017 14.521908553207 1 1 1
-1.461684707617 3.584350580508 14.521906942088 1 1 1
2.918585392819 0.720384188196 14.521907719567 1 1 1
1.458452887885 3.584349554207 14.521907688245 1 1 1
-0.001738497887 -0.706734275472 12.310195508766 1 1 1
-1.461871456595 2.157230881584 12.310195442345 1 1 1
2.918399118420 -0.706733053595 12.310196432453 1 1 1
1.458265669861 2.157232006921 12.310194183624 1 1 1

ATOMIC_SPECIES
Na 22.989 Na_ONCV_PBE-1.0.upf
Mn 54.938 Mn_ONCV_PBE-1.0.upf
O 15.999 O_ONCV_PBE-1.0.upf

NUMERICAL_ORBITAL
Na_gga_8au_100Ry_4s2p1d.orb
Mn_gga_9au_100Ry_4s2p2d1f.orb
O_gga_7au_100Ry_2s2p1d.orb
