LATTICE_CONSTANT
1.8897261246257702

LATTICE_VECTORS
5.921955825570224 4.180208774840956e-18 -3.4886187550048916e-18 
-2.9682719307407552 5.125247480233061 -2.9272629311331103e-18 
0.03673353215519049 -0.021981632826111742 14.482292082343067 

ATOMIC_POSITIONS
Cartesian    # Cartesian(Unit is LATTICE_CONSTANT)
Li
0 
6
4.376914852592 2.606498263100 0.011349972437 1 1 1
2.904248806047 0.057197057194 0.006397890583 1 1 1
1.485116333744 0.853212302912 4.828984389354 1 1 1
2.958275600071 3.415262439299 4.828430201047 1 1 1
0.096133498844 1.665377738098 9.643925565412 1 1 1
1.579068161870 4.236838187986 9.647464766805 1 1 1
Mn
4 
12
0.001983884733 1.702359853572 2.419663357883 1 1 1
-1.479166854283 4.265228114844 2.424780248720 1 1 1
2.965441100589 1.702400212811 2.424288198208 1 1 1
1.478848188935 4.265067400764 2.419080707498 1 1 1
1.493572954408 2.550802100180 7.234113192451 1 1 1
0.010397928775 5.110694299072 7.233745435089 1 1 1
4.455258699602 2.548372371835 7.233430964482 1 1 1
5.938993807992 -0.011688820381 7.233634589054 1 1 1
1.509780365158 0.835280340228 12.067526090487 1 1 1
0.025321048714 3.397508113325 12.068031631646 1 1 1
4.470987583977 0.835744675457 12.067502908018 1 1 1
2.987245301574 3.397822745603 12.067443848982 1 1 1
O
0 
24
0.156460773817 0.060310522216 3.465113099529 1 1 1
4.360817520287 2.592844596416 3.434704503808 1 1 1
2.882463905113 0.031795697285 3.435767595481 1 1 1
1.634672452076 2.624249265904 3.465329599903 1 1 1
1.569139271736 0.814269157870 1.412847501833 1 1 1
-0.149330309303 3.339088854272 1.379847565973 1 1 1
4.293971075301 0.775428929294 1.379050902636 1 1 1
3.048428691535 3.375834679584 1.412130389449 1 1 1
1.420302009594 0.899207951844 8.246814196191 1 1 1
0.023410054290 3.239631344544 8.272471646389 1 1 1
4.468640547951 0.676794550928 8.271932222732 1 1 1
2.897759828992 3.461536513014 8.246325873190 1 1 1
0.093415079176 1.639199032588 6.219065359895 1 1 1
-1.487437174838 4.420457177170 6.192904903292 1 1 1
2.957237939782 1.856571187442 6.193215997075 1 1 1
1.571148614055 4.201107095752 6.218629336021 1 1 1
0.027794890147 1.688927545845 13.025403233995 1 1 1
-1.330535900682 4.178129165861 13.168571026644 1 1 1
3.126288683607 1.609164182432 13.179225896923 1 1 1
1.504577539172 4.251672210792 13.024932879649 1 1 1
5.817111017145 0.064687713010 10.954801149262 1 1 1
4.468637772277 2.542817910582 11.109869563938 1 1 1
0.022936308239 5.104788436613 11.110041421537 1 1 1
1.383000735471 2.620203998954 10.966872649026 1 1 1

ATOMIC_SPECIES
Li 6.941 Li_ONCV_PBE-1.0.upf
Mn 54.938 Mn_ONCV_PBE-1.0.upf
O 15.999 O_ONCV_PBE-1.0.upf

NUMERICAL_ORBITAL
Li_gga_7au_100Ry_4s1p.orb
Mn_gga_9au_100Ry_4s2p2d1f.orb
O_gga_7au_100Ry_2s2p1d.orb
