LATTICE_CONSTANT
1.8897261246257702

LATTICE_VECTORS
6.097054200355904 7.914836437612012e-20 -7.066871705515883e-21 
-3.0486098330323865 5.280158412275039 3.7012113176328794e-21 
0.0010737135996540194 -0.0006425497525290167 16.17426748385256 

ATOMIC_POSITIONS
Cartesian    # Cartesian(Unit is LATTICE_CONSTANT)
Na
0 
12
6.098215944149 -0.000689516788 16.173927755588 1 1 1
4.573911025181 2.639389770998 16.173928201259 1 1 1
3.049688920140 -0.000689564634 16.173927959170 1 1 1
1.525383882618 2.639389695927 16.173928111738 1 1 1
1.524567550856 0.879840160995 5.390224561748 1 1 1
0.000262611458 3.519919662050 5.390224281008 1 1 1
4.573094463146 0.879840110788 5.390224397123 1 1 1
3.048789420530 3.519919451616 5.390224502573 1 1 1
0.000577888437 1.759693335491 10.784366761818 1 1 1
-1.523727306003 4.399772789475 10.784366715742 1 1 1
3.049104598099 1.759693440235 10.784366543009 1 1 1
1.524799964406 4.399772691951 10.784366852990 1 1 1
Fe
5 
12
0.000493915927 1.759755190629 2.693233546066 1 1 1
-1.523811126177 4.399834329539 2.693233266405 1 1 1
3.049020822311 1.759755245076 2.693233454009 1 1 1
1.524716019971 4.399834483115 2.693233386831 1 1 1
6.097429070999 -0.000220290820 8.087762786521 1 1 1
4.573124238899 2.639859012245 8.087762700610 1 1 1
3.048901834303 -0.000220409226 8.087762607021 1 1 1
1.524596742813 2.639859005598 8.087762690109 1 1 1
1.524965524103 0.879591433073 13.480435022406 1 1 1
0.000660307451 3.519670592854 13.480435087498 1 1 1
4.573492357333 0.879591528348 13.480435355790 1 1 1
3.049187555638 3.519670610626 13.480435331597 1 1 1
O
0 
24
6.097462321542 -0.000231162234 3.781621905528 1 1 1
4.573156944560 2.639847888259 3.781621721186 1 1 1
3.048935006874 -0.000231565232 3.781622376723 1 1 1
1.524629633646 2.639847442684 3.781622331859 1 1 1
1.524732473801 0.879754324216 1.604856124321 1 1 1
0.000427503091 3.519834362607 1.604855874121 1 1 1
4.573258977046 0.879755265667 1.604855617024 1 1 1
3.048954208367 3.519833918878 1.604856357487 1 1 1
1.524637520168 0.879736559918 9.176449352010 1 1 1
0.000333314720 3.519815367504 9.176449736759 1 1 1
4.573165172103 0.879736709248 9.176449145774 1 1 1
3.048859868843 3.519815689501 9.176448843263 1 1 1
0.000372845390 1.759819197678 6.999019696113 1 1 1
-1.523932142106 4.399898914525 6.999019757452 1 1 1
3.048899697910 1.759819349648 6.999019758146 1 1 1
1.524593986680 4.399898520795 6.999020089515 1 1 1
0.000839391361 1.759533018545 14.568691014967 1 1 1
-1.523465479450 4.399612718557 14.568691363768 1 1 1
3.049366547481 1.759532943835 14.568691065734 1 1 1
1.525061771160 4.399612291258 14.568691316347 1 1 1
6.097792554048 -0.000442712541 12.392150275217 1 1 1
4.573487655864 2.639635900170 12.392150641081 1 1 1
3.049265254761 -0.000443126990 12.392150226995 1 1 1
1.524960028805 2.639636784801 12.392150568633 1 1 1

ATOMIC_SPECIES
Na 22.989 Na_ONCV_PBE-1.0.upf
Fe 55.845 Fe_ONCV_PBE-1.0.upf
O 15.999 O_ONCV_PBE-1.0.upf

NUMERICAL_ORBITAL
Na_gga_8au_100Ry_4s2p1d.orb
Fe_gga_8au_100Ry_4s2p2d1f.orb
O_gga_7au_100Ry_2s2p1d.orb
