LATTICE_CONSTANT
1.8897261246257702

LATTICE_VECTORS
10.781181386470186 3.193868797743215e-22 -1.1356141107031004e-21 
1.6923066960300322e-06 5.690019930464314 1.764156866097975e-22 
-4.051026398987578 -6.808065767193422e-06 10.486128301533263 

ATOMIC_POSITIONS
Cartesian    # Cartesian(Unit is LATTICE_CONSTANT)
Na
0 
16
1.682520726574 0.000008712124 2.621516490353 1 1 1
-0.342982809803 -0.000003542874 7.864567682502 1 1 1
1.682531136964 2.844996330914 2.621504045743 1 1 1
-0.342992033980 2.845002149755 7.864580252104 1 1 1
7.073165432822 -0.000003315440 2.621513447660 1 1 1
5.047642714866 0.000006025987 7.864586852256 1 1 1
7.073156419246 2.845006244499 2.621521822453 1 1 1
5.047653204759 2.844990052112 7.864578191918 1 1 1
-1.012769177852 1.422482992442 2.621507181462 1 1 1
-3.038287069062 1.422497120823 7.864566699574 1 1 1
-1.012770640832 4.267529120261 2.621511539240 1 1 1
-3.038283975671 4.267508925763 7.864557515305 1 1 1
4.377858413491 1.422499454900 2.621515921396 1 1 1
2.352352811725 1.422480631654 7.864572549804 1 1 1
4.377865024629 4.267513670448 2.621494694503 1 1 1
2.352348885838 4.267524480351 7.864588489751 1 1 1
Ni
1 
16
-1.355780082504 1.422500985750 10.486228512991 1 1 1
0.669792525779 1.422508802476 5.242952134250 1 1 1
-1.355771732747 4.267499466107 10.486215864858 1 1 1
0.669780582777 4.267453371156 5.242953721777 1 1 1
4.034885135165 1.422432632448 10.486275744422 1 1 1
6.060411512082 1.422496528260 5.242933223651 1 1 1
4.034875484423 4.267567284428 10.486284247899 1 1 1
6.060272491729 4.267510501070 5.242985263890 1 1 1
-4.051097043942 0.000004922682 10.486247726340 1 1 1
-2.025490638826 -0.000016794512 5.242931229552 1 1 1
-4.051070145775 2.844985988723 10.486229089054 1 1 1
-2.025506711638 2.845022088901 5.242939939175 1 1 1
1.339565527336 -0.000018716101 10.486246688394 1 1 1
3.365141615954 -0.000120574410 5.243025231352 1 1 1
1.339540348251 2.845009401379 10.486266913541 1 1 1
3.365161237750 2.845126061801 5.243015476606 1 1 1
O
0 
32
0.740670052797 1.422501948923 1.029080536769 1 1 1
-1.284849449761 1.422486308487 6.271807813673 1 1 1
0.740681392648 4.267514529105 1.029093514745 1 1 1
-1.284867618201 4.267518961158 6.271806455036 1 1 1
6.131347432955 1.422511565619 1.029136928092 1 1 1
4.105874822094 1.422500997243 6.271954842112 1 1 1
6.131351833982 4.267504486152 1.029118710318 1 1 1
4.105803254331 4.267510941061 6.271834640270 1 1 1
2.624354845958 1.422486447320 4.213937702054 1 1 1
0.598889150926 1.422495442470 9.457354046515 1 1 1
2.624433238996 4.267519683627 4.214073070572 1 1 1
0.598889040005 4.267507354177 9.457366161408 1 1 1
8.014922043793 1.422500820928 4.213897924624 1 1 1
5.989435102272 1.422504646678 9.457330319293 1 1 1
8.014944423226 4.267510935640 4.213914660777 1 1 1
5.989428167767 4.267497963639 9.457311145171 1 1 1
3.435976746902 5.690020314224 1.029114747327 1 1 1
1.410461178749 5.690082208275 6.271896053213 1 1 1
3.435983143924 2.845005644451 1.029106522962 1 1 1
1.410441616049 2.845018209442 6.271859599929 1 1 1
8.826573929890 5.690016510976 1.029115889033 1 1 1
6.801060736870 5.690002797125 6.271922230913 1 1 1
8.826617820033 2.845009176239 1.029178261827 1 1 1
6.801056244194 2.845015878990 6.271921400046 1 1 1
-0.070949147688 0.000039826999 4.213898173325 1 1 1
-2.096440499792 -0.000013045375 9.457280277678 1 1 1
-0.070929679760 2.845041008859 4.213933101884 1 1 1
-2.096441718794 2.845005855346 9.457289500136 1 1 1
5.319638624301 -0.000010851589 4.214011807962 1 1 1
3.294246810340 -0.000009381805 9.457355167086 1 1 1
5.319641067649 2.845010561149 4.214012838327 1 1 1
3.294208651087 2.845002506216 9.457293909740 1 1 1

ATOMIC_SPECIES
Na 22.989 Na_ONCV_PBE-1.0.upf
Ni 58.693 Ni_ONCV_PBE-1.0.upf
O 15.999 O_ONCV_PBE-1.0.upf

NUMERICAL_ORBITAL
Na_gga_8au_100Ry_4s2p1d.orb
Ni_gga_8au_100Ry_4s2p2d1f.orb
O_gga_7au_100Ry_2s2p1d.orb
