LATTICE_CONSTANT
1.8897261246257702

LATTICE_VECTORS
11.463069651277294 -5.110032317627704e-21 1.7861246136428206e-19 
3.489719223763294e-05 5.840832113195427 -4.9048441190914505e-21 
-4.582988154573545 8.199678868260222e-05 10.732062799258593 

ATOMIC_POSITIONS
Cartesian    # Cartesian(Unit is LATTICE_CONSTANT)
Na
0 
16
10.317338436842 1.460233976469 2.683063455667 1 1 1
8.025842393257 1.460271242459 8.049091786939 1 1 1
10.317355131589 4.380640495111 2.683061130649 1 1 1
8.025859659722 4.380684322926 8.049092541846 1 1 1
4.585801802833 1.460230157190 2.683058619384 1 1 1
2.294309678505 1.460274637948 8.049093116983 1 1 1
4.585819298938 4.380643021313 2.683059277574 1 1 1
2.294326269667 4.380681345212 8.049091108283 1 1 1
1.720040893973 0.000020360334 2.683065984682 1 1 1
-0.571452818602 0.000063440275 8.049097192039 1 1 1
1.720058206227 2.920438702580 2.683065992496 1 1 1
-0.571434987631 2.920477691235 8.049097335628 1 1 1
7.451571965299 0.000020150816 2.683068950635 1 1 1
5.160081773557 0.000062216407 8.049095261263 1 1 1
7.451593699559 2.920437613369 2.683063747544 1 1 1
5.160094906470 2.920477455676 8.049100581344 1 1 1
Mn
4 
16
6.880147324647 0.000090371642 10.732088998964 1 1 1
9.171635454054 0.000054622466 5.366062808395 1 1 1
6.880165559797 2.920506498790 10.732098667858 1 1 1
9.171660007524 2.920462669489 5.366067779657 1 1 1
1.148604254527 0.000093851551 10.732094664784 1 1 1
3.440107701623 0.000048660735 5.366057591010 1 1 1
1.148633417017 2.920504658314 10.732092124333 1 1 1
3.440119580678 2.920468418247 5.366057150701 1 1 1
-1.717241856413 1.460309132018 10.731990654110 1 1 1
0.574253111847 1.460270339128 5.365955090974 1 1 1
-1.717251083013 4.380706549262 10.731944638117 1 1 1
0.574240206764 4.380665932950 5.365911512218 1 1 1
4.014313201629 1.460153659653 10.732015994246 1 1 1
6.305755629008 1.460266387700 5.365910702917 1 1 1
4.014311180622 4.380682769253 10.731987167592 1 1 1
6.305772963032 4.380682700399 5.365905386663 1 1 1
O
0 
32
-0.137728365521 0.000038362590 4.260384503244 1 1 1
-2.429220695471 0.000079132809 9.626416915590 1 1 1
-0.137705273521 2.920456315831 4.260393105073 1 1 1
-2.429197581092 2.920495870561 9.626423509732 1 1 1
5.593810439384 0.000044297876 4.260389888738 1 1 1
3.302317811480 0.000053601746 9.626420255063 1 1 1
5.593827659257 2.920461342797 4.260392606697 1 1 1
3.302349028405 2.920452320612 9.626451375769 1 1 1
3.577709629774 0.000012842889 1.105576114680 1 1 1
1.286212440457 0.000054098082 6.471608620796 1 1 1
3.577720997989 2.920427170374 1.105568915575 1 1 1
1.286226989189 2.920467928929 6.471599152451 1 1 1
9.309257443996 -0.000030949910 1.105603417835 1 1 1
7.017750569466 0.000059856203 6.471606072506 1 1 1
9.309260476492 2.920401150477 1.105572017336 1 1 1
7.017768221100 2.920476043611 6.471604203264 1 1 1
2.728039655810 1.460240401956 4.260482465993 1 1 1
0.436546333273 1.460280905161 9.626516478541 1 1 1
2.728059424987 4.380662421022 4.260483534316 1 1 1
0.436563239320 4.380703229327 9.626518235233 1 1 1
8.459575071896 1.460244842727 4.260487477299 1 1 1
6.168085280531 1.460279210091 9.626518983650 1 1 1
8.459592095888 4.380662276318 4.260487475061 1 1 1
6.168099578870 4.380706588994 9.626517509920 1 1 1
0.712020190029 1.460213936746 1.105576715346 1 1 1
-1.579475050729 1.460257223907 6.471608532990 1 1 1
0.712036741349 4.380639105457 1.105576619411 1 1 1
-1.579454809201 4.380679066886 6.471609479630 1 1 1
6.443558656385 1.460207953885 1.105579890403 1 1 1
4.152066188558 1.460256410493 6.471605211378 1 1 1
6.443575316991 4.380638390309 1.105576506127 1 1 1
4.152081649393 4.380674000685 6.471604879617 1 1 1

ATOMIC_SPECIES
Na 22.989 Na_ONCV_PBE-1.0.upf
Mn 54.938 Mn_ONCV_PBE-1.0.upf
O 15.999 O_ONCV_PBE-1.0.upf

NUMERICAL_ORBITAL
Na_gga_8au_100Ry_4s2p1d.orb
Mn_gga_9au_100Ry_4s2p2d1f.orb
O_gga_7au_100Ry_2s2p1d.orb
