LATTICE_CONSTANT
1.8897261246257702

LATTICE_VECTORS
5.936369692973762 -4.1603975529140065e-18 -2.5301811055897903e-19 
-2.9843909228826107 5.066928497412038 -4.868664622336488e-19 
-0.1803767817922722 0.177482703067129 14.364413756365519 

ATOMIC_POSITIONS
Cartesian    # Cartesian(Unit is LATTICE_CONSTANT)
Li
0 
6
4.264714766849 2.706836979562 14.349771761786 1 1 1
2.780834375325 0.173421010051 14.349560165016 1 1 1
1.421620955622 0.905035014270 4.783068571690 1 1 1
2.892505612066 3.438858154815 4.783120366274 1 1 1
-0.116934309777 1.807036497967 9.586760318185 1 1 1
1.357970938597 4.335634223070 9.587773524097 1 1 1
Cr
3 
12
-0.035939314025 1.718411763362 2.374775700951 1 1 1
-1.527842257060 4.252665477710 2.373482180703 1 1 1
2.932611227817 1.719482951915 2.373255060329 1 1 1
1.440006888411 4.251700249913 2.373971526293 1 1 1
1.382832395364 2.625412364343 7.196346418550 1 1 1
2.874990034464 0.092156092024 7.197698971688 1 1 1
4.350684372876 2.625892445318 7.197602927300 1 1 1
5.843289945749 0.091512857105 7.194456249800 1 1 1
1.331940715772 0.990207840481 11.977177946262 1 1 1
-0.159786362228 3.522820101360 11.975005826172 1 1 1
4.301288899341 0.989283732375 11.976319739833 1 1 1
2.808920064436 3.523568293698 11.977565839200 1 1 1
O
0 
24
-2.957915028959 5.053799419628 3.414226520324 1 1 1
-1.560931827097 2.615752562092 3.372453643593 1 1 1
-0.086432641078 5.148964025324 3.372026790251 1 1 1
1.503983536558 2.519752229215 3.414660063863 1 1 1
1.489655901333 0.821567529745 1.374898298401 1 1 1
-0.097394947591 3.449191613352 1.337473743603 1 1 1
4.362733371802 0.915574641417 1.337032823739 1 1 1
2.967450543253 3.354563403669 1.375048062821 1 1 1
1.350175168680 0.988676421183 8.196054131918 1 1 1
-0.046146946022 3.427003755221 8.236497004950 1 1 1
4.415586632390 0.893237495408 8.235677845877 1 1 1
2.824511864371 3.522474331557 8.196163189884 1 1 1
-0.058531036171 1.728380192853 6.198002535613 1 1 1
-1.647709856982 4.357360782577 6.156866432649 1 1 1
2.813786510411 1.823745167209 6.158411896542 1 1 1
1.415976720732 4.261678267278 6.197481995205 1 1 1
-0.192335147534 1.887473896528 12.974691369834 1 1 1
-1.588992164337 4.326212999953 13.013111003781 1 1 1
2.871757973943 1.792659397361 13.013824604994 1 1 1
1.282281873956 4.420961310949 12.974700449849 1 1 1
5.731888708235 0.187921488063 10.940439872660 1 1 1
-1.600346170077 2.627234494736 10.979507912648 1 1 1
-0.125699468860 5.161080215392 10.979617116608 1 1 1
1.272588144484 2.721451396076 10.940344520356 1 1 1

ATOMIC_SPECIES
Li 6.941 Li_ONCV_PBE-1.0.upf
Cr 51.996 Cr_ONCV_PBE-1.0.upf
O 15.999 O_ONCV_PBE-1.0.upf

NUMERICAL_ORBITAL
Li_gga_7au_100Ry_4s1p.orb
Cr_gga_8au_100Ry_4s2p2d1f.orb
O_gga_7au_100Ry_2s2p1d.orb
