LATTICE_CONSTANT
1.8897261246257702

LATTICE_VECTORS
5.63143479365951 -4.0881022729154955e-18 -3.4313840679844952e-18 
-2.7256539954016947 4.927825218996421 -1.0607640173887974e-18 
-0.41480991127670586 0.24306333241120096 16.405619245953993 

ATOMIC_POSITIONS
Cartesian    # Cartesian(Unit is LATTICE_CONSTANT)
Na
0 
6
-1.777587872184 2.707018663602 16.405601412781 1 1 1
-0.324707479179 5.170945265167 16.405607639635 1 1 1
1.283407719092 0.902938889148 5.469643602417 1 1 1
2.736352154463 3.366802572017 5.469635297401 1 1 1
-0.245295541254 1.803843049864 10.935974143690 1 1 1
1.207545259974 4.267771832278 10.935985598375 1 1 1
Co
1 
12
-0.041047864046 1.684442394863 2.736329982474 1 1 1
-1.403764560278 4.148285620863 2.736523882021 1 1 1
2.774733475828 1.684378411963 2.736553067332 1 1 1
1.411827844575 4.148339003212 2.736328833228 1 1 1
1.245556450161 2.585340434005 8.202850587007 1 1 1
2.608346902693 0.121364076868 8.202811594377 1 1 1
4.061201939855 2.585293370718 8.202837041897 1 1 1
5.423995042986 0.121258246525 8.202832755336 1 1 1
1.079187543082 1.022752182380 13.669266318834 1 1 1
-0.283851431999 3.486787906157 13.669037811059 1 1 1
3.894754428329 1.022863149876 13.669000671819 1 1 1
2.532060664130 3.486661559747 13.669281269708 1 1 1
O
0 
24
-2.780708158515 4.960174014449 3.720288575819 1 1 1
4.173369914767 2.520020414935 3.708901977952 1 1 1
2.720492252379 0.056140432561 3.708894405797 1 1 1
1.397837228938 2.496268518717 3.720288267130 1 1 1
1.375864575065 0.848913032163 1.764963563565 1 1 1
-0.027885665979 3.336957248212 1.752116047389 1 1 1
4.150687312371 0.873021334317 1.752098221532 1 1 1
2.828751909118 3.312828598654 1.764958278904 1 1 1
1.191267551339 0.956886734272 9.174048900242 1 1 1
-0.130873102752 3.396766827137 9.186699357475 1 1 1
4.047687667434 0.932967506506 9.186710326197 1 1 1
2.644197893121 3.420788795183 9.174092063219 1 1 1
-0.153240983792 1.749646878946 7.231635325761 1 1 1
-1.556726007678 4.237621485651 7.219002978603 1 1 1
2.621763813379 1.773664447999 7.219034244937 1 1 1
1.299602405221 4.213559542330 7.231591790968 1 1 1
-0.337766145943 1.858299544921 14.640600788138 1 1 1
-1.659770215195 4.297960776747 14.653478180471 1 1 1
2.518788234084 1.834071624839 14.653447920647 1 1 1
1.115111551865 4.322197825744 14.640640794131 1 1 1
5.271650004057 0.210960372495 12.685283591544 1 1 1
-1.682350679490 2.651129829572 12.696626171595 1 1 1
-0.229440847470 5.114989642942 12.696616969155 1 1 1
1.093106084029 2.674886809864 12.685300190765 1 1 1

ATOMIC_SPECIES
Na 22.989 Na_ONCV_PBE-1.0.upf
Co 58.933 Co_ONCV_PBE-1.0.upf
O 15.999 O_ONCV_PBE-1.0.upf

NUMERICAL_ORBITAL
Na_gga_8au_100Ry_4s2p1d.orb
Co_gga_8au_100Ry_4s2p2d1f.orb
O_gga_7au_100Ry_2s2p1d.orb
