LATTICE_CONSTANT
1.8897261246257702

LATTICE_VECTORS
5.690063691995469 1.1444002785778377e-20 -4.384885905552691e-20 
-2.845716434835167 5.393005661287054 2.1512120510001842e-19 
-0.0016267606254145907 -0.6838132071194857 15.72867142282855 

ATOMIC_POSITIONS
Cartesian    # Cartesian(Unit is LATTICE_CONSTANT)
Na
0 
12
2.844253513635 5.391713378488 0.001173762776 1 1 1
4.267111768850 2.695210231037 0.001173798007 1 1 1
-0.000778595642 5.391713176567 0.001174098241 1 1 1
1.422079872686 2.695210573859 0.001173489699 1 1 1
1.421351565465 0.670897164016 5.244753706534 1 1 1
-0.001506768854 3.367399836079 5.244753629378 1 1 1
4.266383792868 0.670896547445 5.244753806752 1 1 1
2.843525367160 3.367399908537 5.244753744202 1 1 1
-0.000364501252 1.342837013255 10.482847748746 1 1 1
-1.423222522932 4.039340242761 10.482847654325 1 1 1
2.844667414608 1.342837660006 10.482847350931 1 1 1
1.421808885809 4.039340080677 10.482847274368 1 1 1
Ni
1 
12
-0.001025810987 1.682769356843 2.626497781508 1 1 1
-1.423883861744 4.379272816690 2.626497086235 1 1 1
2.844006131569 1.682769758705 2.626497565840 1 1 1
1.421147762318 4.379271637587 2.626497856888 1 1 1
-0.001481780488 -0.340642529257 7.862748164878 1 1 1
-1.424340007856 2.355860822032 7.862747978972 1 1 1
2.843549923219 -0.340641163461 7.862747347396 1 1 1
1.420691887904 2.355861354020 7.862747754541 1 1 1
1.422062380827 0.328559508206 13.103880181426 1 1 1
-0.000795913407 3.025061787818 13.103880716232 1 1 1
4.267094167354 0.328557885425 13.103881195073 1 1 1
2.844235952775 3.025061975349 13.103880661108 1 1 1
O
0 
24
2.843448077047 5.120504887827 3.655041459418 1 1 1
4.266304915120 2.424003276225 3.655042102526 1 1 1
-0.001584646596 5.120505959743 3.655042441147 1 1 1
1.421274786257 2.424003388559 3.655041773419 1 1 1
1.421861475764 0.942009788474 1.596920967553 1 1 1
-0.000996525340 3.638513237133 1.596920110686 1 1 1
4.266893369453 0.942009796209 1.596920704594 1 1 1
2.844035058959 3.638513052138 1.596920583833 1 1 1
1.421756158928 0.400767426277 8.891122065919 1 1 1
-0.001101347462 3.097269135582 8.891122616108 1 1 1
4.266788580798 0.400766902973 8.891121952986 1 1 1
2.843929795226 3.097271083848 8.891122405997 1 1 1
-0.002297774585 1.614900350321 6.834193034397 1 1 1
-1.425156952603 4.311404244038 6.834192680525 1 1 1
2.842732130786 1.614900148918 6.834192530809 1 1 1
1.419874605352 4.311402648736 6.834192915707 1 1 1
-0.000963589063 1.068683248105 14.133786412956 1 1 1
-1.423821949646 3.765186085582 14.133786467872 1 1 1
2.844068549836 1.068683471236 14.133786359224 1 1 1
1.421210371323 3.765186646122 14.133786782601 1 1 1
-0.000156140833 -0.411951345530 12.074727740014 1 1 1
-1.423015386156 2.284552843613 12.074727961325 1 1 1
2.844874335582 -0.411951065334 12.074727769402 1 1 1
1.422017012737 2.284550980664 12.074727675386 1 1 1

ATOMIC_SPECIES
Na 22.989 Na_ONCV_PBE-1.0.upf
Ni 58.693 Ni_ONCV_PBE-1.0.upf
O 15.999 O_ONCV_PBE-1.0.upf

NUMERICAL_ORBITAL
Na_gga_8au_100Ry_4s2p1d.orb
Ni_gga_8au_100Ry_4s2p2d1f.orb
O_gga_7au_100Ry_2s2p1d.orb
