LATTICE_CONSTANT
1.8897261246257702

LATTICE_VECTORS
5.652444424998706 3.497792427375562e-23 4.402393967479718e-22 
-2.8264036917192974 4.895057057730951 8.669661731773032e-23 
0.00024271350785553294 -0.00015372346533083943 13.966371825478532 

ATOMIC_POSITIONS
Cartesian    # Cartesian(Unit is LATTICE_CONSTANT)
Li
0 
12
0.000240015196 -0.000157708601 13.966324369652 1 1 1
-1.412961888254 2.447376222887 13.966326422779 1 1 1
2.826468983583 -0.000153649033 13.966322332718 1 1 1
1.413266440286 2.447379935614 13.966324154825 1 1 1
1.413162085896 0.815795002632 4.654007218222 1 1 1
-0.000037486521 3.263315680881 4.654005836886 1 1 1
4.239384520740 0.815792389436 4.654008605272 1 1 1
2.826180725739 3.263316364028 4.654005849248 1 1 1
0.000101151740 1.631582686100 9.312383380881 1 1 1
-1.413099926010 4.079113983353 9.312384393725 1 1 1
2.826321944845 1.631581274409 9.312384552407 1 1 1
1.413119376028 4.079112978903 9.312384652018 1 1 1
Co
0 
12
-0.000021315388 1.631663920930 2.327911081087 1 1 1
-1.413225818246 4.079182478063 2.327902059654 1 1 1
2.826202205644 1.631667772295 2.327906135824 1 1 1
1.413003211463 4.079183092056 2.327901560687 1 1 1
5.652558658014 -0.000074214917 6.983321532545 1 1 1
4.239361119417 2.447445100186 6.983321220643 1 1 1
2.826349126924 -0.000072233071 6.983319140687 1 1 1
1.413142577240 2.447452341468 6.983312997962 1 1 1
1.413288510669 0.815718325404 11.638358246521 1 1 1
0.000091351161 3.263246221919 11.638363522594 1 1 1
4.239502566732 0.815708319566 11.638369698103 1 1 1
2.826296356840 3.263241493674 11.638368234968 1 1 1
O
0 
24
5.652497653618 -0.000032974625 3.358278675272 1 1 1
4.239293445739 2.447498440220 3.358276891103 1 1 1
2.826272067806 -0.000032684110 3.358278551728 1 1 1
1.413072356327 2.447496331286 3.358282949288 1 1 1
1.413106821228 0.815824242816 1.297895744522 1 1 1
-0.000094914624 3.263350882922 1.297893765996 1 1 1
4.239331861886 0.815825609385 1.297890476045 1 1 1
2.826130424279 3.263352592526 1.297891944470 1 1 1
1.413212910431 0.815761889146 8.014040097544 1 1 1
0.000011775822 3.263289013152 8.014038581220 1 1 1
4.239433699789 0.815759698389 8.014034531565 1 1 1
2.826230216134 3.263288152213 8.014036630634 1 1 1
0.000047263989 1.631614237140 5.952527622513 1 1 1
-1.413153266918 4.079142980281 5.952531384669 1 1 1
2.826273784139 1.631614744425 5.952528742525 1 1 1
1.413070969293 4.079145108412 5.952529780076 1 1 1
0.000158365104 1.631550359320 12.668349050220 1 1 1
-1.413045220839 4.079081510239 12.668352128292 1 1 1
2.826374359797 1.631548475912 12.668350787443 1 1 1
1.413174343427 4.079077776550 12.668355439676 1 1 1
-2.826212746041 4.894936309644 10.608020308652 1 1 1
-1.413009302077 2.447404861213 10.608019409312 1 1 1
0.000011717098 4.894935882337 10.608021902711 1 1 1
1.413212505114 2.447406195466 10.608024867059 1 1 1

ATOMIC_SPECIES
Li 6.941 Li_ONCV_PBE-1.0.upf
Co 58.933 Co_ONCV_PBE-1.0.upf
O 15.999 O_ONCV_PBE-1.0.upf

NUMERICAL_ORBITAL
Li_gga_7au_100Ry_4s1p.orb
Co_gga_8au_100Ry_4s2p2d1f.orb
O_gga_7au_100Ry_2s2p1d.orb
