LATTICE_CONSTANT
1.8897261246257702

LATTICE_VECTORS
5.929383755153397 3.480566919061881e-18 -1.6074645253225045e-18 
-2.906119101182182 5.139418820286094 -1.0358975129685465e-19 
-0.21963467138204462 0.09778786250507537 16.545904134854542 

ATOMIC_POSITIONS
Cartesian    # Cartesian(Unit is LATTICE_CONSTANT)
Na
0 
6
4.257611078826 2.667267802692 16.543480491935 1 1 1
2.746081820772 0.097485082516 16.543409237082 1 1 1
1.415882974061 0.880534300763 5.515545847512 1 1 1
2.927362366113 3.450288055707 5.515514384600 1 1 1
-0.123404969131 1.786719549511 11.032872221166 1 1 1
1.388788219957 4.356143345898 11.032885264423 1 1 1
Cr
3 
12
-0.013879858152 1.727282718248 2.753364252017 1 1 1
-1.466995003936 4.296858545144 2.753437784980 1 1 1
2.950779088152 1.727098594223 2.753408320793 1 1 1
1.497710153330 4.296981099319 2.753371893262 1 1 1
1.398352142574 2.619325016056 8.277546076330 1 1 1
-0.054575667823 5.189264755616 8.277739755781 1 1 1
4.363124747678 2.619618947580 8.277670702994 1 1 1
2.910024219544 5.189053227650 8.277473899909 1 1 1
1.308678858645 0.939318632472 13.788332953257 1 1 1
-0.144358259677 3.509555846629 13.787264682818 1 1 1
4.273419592914 0.939844702802 13.787241500902 1 1 1
2.820315010968 3.509059831439 13.788342956795 1 1 1
O
0 
24
-2.893729128795 5.113152716135 3.775646524882 1 1 1
-1.517779364340 2.644539073831 3.752264515792 1 1 1
2.899989662466 0.074857373075 3.752381939148 1 1 1
1.523931609461 2.543494963732 3.775595613737 1 1 1
1.488532860677 0.810871262304 1.755072287095 1 1 1
-0.041763755662 3.481751147388 1.732116090806 1 1 1
4.376008784683 0.912061633789 1.732030595745 1 1 1
3.000058092001 3.380553642329 1.755121560580 1 1 1
1.310726201330 0.899966736881 9.275554134811 1 1 1
-0.015475151555 3.453324684873 9.299578169942 1 1 1
4.402270376837 0.883627314960 9.299588408415 1 1 1
2.822443140782 3.469588690172 9.275540592630 1 1 1
-0.023348892684 1.767906295570 7.279175346019 1 1 1
-1.603037416369 4.354197179774 7.255140550017 1 1 1
2.814712229606 1.784500785571 7.255153763801 1 1 1
1.488262096076 4.337641461871 7.279174367309 1 1 1
-0.194497197424 1.856687262660 14.786056479948 1 1 1
-1.570007360914 4.325101593402 14.809197495509 1 1 1
2.847749953239 1.755385088045 14.809246750133 1 1 1
1.317115370547 4.426453171631 14.786053069868 1 1 1
5.699644311415 0.123563597898 12.766862681531 1 1 1
4.323376586534 2.592476989957 12.788705760699 1 1 1
-0.094387509735 5.162192319852 12.788777034971 1 1 1
1.281904922621 2.693243002124 12.766750301595 1 1 1

ATOMIC_SPECIES
Na 22.989 Na_ONCV_PBE-1.0.upf
Cr 51.996 Cr_ONCV_PBE-1.0.upf
O 15.999 O_ONCV_PBE-1.0.upf

NUMERICAL_ORBITAL
Na_gga_8au_100Ry_4s2p1d.orb
Cr_gga_8au_100Ry_4s2p2d1f.orb
O_gga_7au_100Ry_2s2p1d.orb
