LATTICE_CONSTANT
1.8897261246257702

LATTICE_VECTORS
10.756191194560666 1.2698223749587433e-21 5.840794129542298e-17 
-4.848940747971712e-06 5.698399879567304 5.029424194464692e-22 
-4.110423040341398 9.9830429678235e-06 8.733435109091038 

ATOMIC_POSITIONS
Cartesian    # Cartesian(Unit is LATTICE_CONSTANT)
Fe
4 
16
6.645862165445 -0.000008633332 8.733424979866 1 1 1
8.700849282875 -0.000054145085 4.366654798529 1 1 1
6.645865953769 2.849199295466 8.733400924880 1 1 1
8.700773406065 2.849209891798 4.366741867110 1 1 1
1.267779543053 0.000043463013 8.733401348837 1 1 1
3.322898578470 0.000022788073 4.366825265384 1 1 1
1.267777157697 2.849257988341 8.733392078034 1 1 1
3.322946551863 2.849190567368 4.366807908059 1 1 1
-1.421424978762 1.424587519511 8.733490784803 1 1 1
0.633677243976 1.424547449449 4.366794616850 1 1 1
-1.421435881533 4.273793695230 8.733543750496 1 1 1
0.633668833510 4.273848099395 4.366777871477 1 1 1
3.956760529806 1.424668300003 8.733231409210 1 1 1
6.012019449646 1.424586227543 4.366661169690 1 1 1
3.956753516151 4.273833605789 8.733232858985 1 1 1
6.011997129733 4.273758291178 4.366671637039 1 1 1
O
0 
32
-0.143162810362 0.000018121289 3.398627370878 1 1 1
-2.198311590548 -0.000036046222 7.765623673374 1 1 1
-0.143190213072 2.849195757191 3.398564600241 1 1 1
-2.198319100681 2.849206210039 7.765600514223 1 1 1
5.235259242471 -0.000023288325 3.398595292737 1 1 1
3.180122619381 0.000050399466 7.765250149651 1 1 1
5.235214037557 2.849178673208 3.398648735463 1 1 1
3.180109865260 2.849267445946 7.765257429594 1 1 1
3.465714317589 5.698390631157 0.968165953735 1 1 1
1.410225224816 5.698377108857 5.334710617841 1 1 1
3.465720666659 2.849196168093 0.968185110796 1 1 1
1.410256857581 2.849208164173 5.334778060016 1 1 1
8.844058203333 5.698426916383 0.967890856582 1 1 1
6.788894224176 5.698385293315 5.334603443080 1 1 1
8.844059300839 2.849244282560 0.967888265553 1 1 1
6.788910922216 2.849177618244 5.334569312146 1 1 1
2.546145751756 1.424639939189 3.398969369183 1 1 1
0.490864498017 1.424658968355 7.765636980623 1 1 1
2.546159820721 4.273744123236 3.398960909008 1 1 1
0.490853754909 4.273823881187 7.765634753418 1 1 1
7.924125691060 1.424630988248 3.398367290773 1 1 1
5.869275922162 1.424629981026 7.765327198622 1 1 1
7.924130876308 4.273762121402 3.398390715441 1 1 1
5.869259349105 4.273810205880 7.765311402688 1 1 1
0.776674735381 1.424595346357 0.968296270652 1 1 1
-1.278720618923 1.424620986565 5.334694755617 1 1 1
0.776659242338 4.273754261124 0.968341498876 1 1 1
-1.278709041773 4.273790469499 5.334666958169 1 1 1
6.155129620181 1.424660347444 0.967952751426 1 1 1
4.099832339911 1.424578787996 5.334834301642 1 1 1
6.155140931251 4.273839386249 0.967968630990 1 1 1
4.099867223606 4.273788539006 5.334818952823 1 1 1

ATOMIC_SPECIES
Fe 55.845 Fe_ONCV_PBE-1.0.upf
O 15.999 O_ONCV_PBE-1.0.upf

NUMERICAL_ORBITAL
Fe_gga_8au_100Ry_4s2p2d1f.orb
O_gga_7au_100Ry_2s2p1d.orb
