LATTICE_CONSTANT
1.8897261246257702

LATTICE_VECTORS
5.884065056227845 7.686452784830476e-18 -1.042138885089219e-17 
-2.8177884897325227 5.217110572208099 1.7019885015741312e-19 
0.19796436967520623 -0.17962953596840875 16.69921024989149 

ATOMIC_POSITIONS
Cartesian    # Cartesian(Unit is LATTICE_CONSTANT)
Na
0 
6
4.684538464315 2.425592337677 16.699378717100 1 1 1
3.152478669256 -0.183352147586 16.699499771065 1 1 1
1.545408015874 0.814252265971 5.564028222990 1 1 1
3.079317058633 3.422464379946 5.564121084681 1 1 1
0.173391751204 1.617407902849 11.135488875606 1 1 1
1.706821709220 4.225691602085 11.135405832402 1 1 1
Fe
5 
12
0.074482632833 1.712743181829 2.779418892357 1 1 1
-1.334650557525 4.321190131036 2.779444451318 1 1 1
3.016372093544 1.712447547024 2.779763346633 1 1 1
1.607678108265 4.321199505851 2.779745184440 1 1 1
1.631776687404 2.514738098971 8.355221874715 1 1 1
0.222233868377 5.123424843046 8.354997358591 1 1 1
4.573185043539 2.514887298847 8.355233289548 1 1 1
-2.719095957281 5.123279345069 8.355204731054 1 1 1
1.657573613585 0.720256082180 13.914356329129 1 1 1
0.248236610561 3.328992302169 13.914038121720 1 1 1
4.599119884890 0.720449692373 13.913809521821 1 1 1
3.190671389138 3.328913279444 13.914324881324 1 1 1
O
0 
24
-2.702055159470 5.150722657828 3.817288702045 1 1 1
4.405912737117 2.470996479471 3.818362705122 1 1 1
2.872655764083 -0.137497364938 3.818316076789 1 1 1
1.648886254475 2.542125491738 3.817337149600 1 1 1
1.627148047528 0.953069283008 1.741286885597 1 1 1
0.032842386495 3.491317737065 1.741947371117 1 1 1
4.383775466331 0.882789350219 1.742078902361 1 1 1
3.160135866597 3.561716644111 1.741309772670 1 1 1
1.580756246218 0.795600201232 9.391804423219 1 1 1
0.263881281057 3.331198398320 9.393286754881 1 1 1
4.614732106031 0.722619617797 9.393250500810 1 1 1
3.113961713236 3.404098228900 9.391962700399 1 1 1
0.148986646724 1.627511411210 7.318415812062 1 1 1
-1.352381208222 4.308138626062 7.315974004532 1 1 1
2.998488531861 1.699604110282 7.315890865158 1 1 1
1.682272780912 4.235915776356 7.318354018060 1 1 1
0.197802345217 1.608217477861 14.950068306656 1 1 1
-1.118401663504 4.144875506465 14.952661895515 1 1 1
3.232397559018 1.536288925675 14.952580094438 1 1 1
1.731235809072 4.216704034676 14.950198229978 1 1 1
5.966986411196 -0.095726959496 12.875591769936 1 1 1
-1.234334741681 2.440029346164 12.877552994179 1 1 1
0.298988257823 5.048361574087 12.877713423201 1 1 1
1.615950509373 2.512777196121 12.875705050841 1 1 1

ATOMIC_SPECIES
Na 22.989 Na_ONCV_PBE-1.0.upf
Fe 55.845 Fe_ONCV_PBE-1.0.upf
O 15.999 O_ONCV_PBE-1.0.upf

NUMERICAL_ORBITAL
Na_gga_8au_100Ry_4s2p1d.orb
Fe_gga_8au_100Ry_4s2p2d1f.orb
O_gga_7au_100Ry_2s2p1d.orb
