LATTICE_CONSTANT
1.8897261246257702

LATTICE_VECTORS
5.75931091014185 9.599412148866336e-21 -4.521286113411751e-20 
-2.8829560550551556 4.9822054566430145 -6.328605134415191e-20 
-0.010798487006094485 0.019043699127381918 14.08671982003495 

ATOMIC_POSITIONS
Cartesian    # Cartesian(Unit is LATTICE_CONSTANT)
Li
0 
12
-2.882220696235 4.982141591396 0.003309022342 1 1 1
-1.440741835408 2.491043069973 0.003307787130 1 1 1
-0.002564377328 4.982142707493 0.003305851995 1 1 1
1.438913383960 2.491043140746 0.003309981876 1 1 1
1.435693387904 0.836767691425 4.687117485825 1 1 1
-0.005786283514 3.327868121091 4.687114824808 1 1 1
4.315347475336 0.836768705751 4.687115930567 1 1 1
2.873871015004 3.327867871522 4.687116753563 1 1 1
-0.008320068072 1.673491892226 9.395750722842 1 1 1
-1.449795933288 4.164597113129 9.395750819040 1 1 1
2.871338536255 1.673492281335 9.395749732573 1 1 1
1.429858768179 4.164597933227 9.395751355782 1 1 1
Ni
1 
12
-0.002788655125 1.664017513238 2.348811326217 1 1 1
-1.444266811063 4.155104147283 2.348806664944 1 1 1
2.876867582620 1.664018094697 2.348810942029 1 1 1
1.435389763746 4.155104521668 2.348806002519 1 1 1
5.753731036116 0.009806612043 7.032161367980 1 1 1
4.312252421182 2.500893647402 7.032157122345 1 1 1
2.874075997586 0.009807560208 7.032160746919 1 1 1
1.432598906909 2.500893967890 7.032156670787 1 1 1
1.430179139162 0.846011145274 11.749705074895 1 1 1
-0.011298197403 3.337129597221 11.749709934563 1 1 1
4.309835440413 0.846010638469 11.749705240912 1 1 1
2.868356863135 3.337130241660 11.749709493324 1 1 1
O
0 
24
-0.003365425572 0.006221405280 3.419076172488 1 1 1
-1.444844165452 2.497310040419 3.419073121166 1 1 1
2.876292803988 0.006215371258 3.419081199124 1 1 1
1.434808321792 2.497313456300 3.419075325023 1 1 1
1.439197577264 0.830434555442 1.278405400470 1 1 1
-0.002278792073 3.321522799103 1.278405017757 1 1 1
4.318858467367 0.830430616360 1.278407551387 1 1 1
2.877374325754 3.321529400585 1.278402480953 1 1 1
1.431388079843 0.843569329680 8.106415877353 1 1 1
-0.010091146040 3.334683506354 8.106417298136 1 1 1
4.311040555697 0.843571608199 8.106415729766 1 1 1
2.869565563471 3.334678274118 8.106421640753 1 1 1
-0.004340462400 1.666878229467 5.957799223730 1 1 1
-1.445814111137 4.157988837863 5.957799373204 1 1 1
2.875317934363 1.666875397275 5.957798882515 1 1 1
1.433838198312 4.157990124161 5.957803767363 1 1 1
-0.011849275637 1.679833186565 12.825073523384 1 1 1
-1.453321670809 4.170920958512 12.825071779545 1 1 1
2.867814334548 1.679825769637 12.825075064832 1 1 1
1.426328967833 4.170929387839 12.825070598806 1 1 1
2.868710211341 4.994405710139 10.673335476623 1 1 1
4.310195591654 2.503303832624 10.673337487353 1 1 1
-0.010936330007 4.994399561732 10.673337155334 1 1 1
1.430534936247 2.503309922715 10.673338460840 1 1 1

ATOMIC_SPECIES
Li 6.941 Li_ONCV_PBE-1.0.upf
Ni 58.693 Ni_ONCV_PBE-1.0.upf
O 15.999 O_ONCV_PBE-1.0.upf

NUMERICAL_ORBITAL
Li_gga_7au_100Ry_4s1p.orb
Ni_gga_8au_100Ry_4s2p2d1f.orb
O_gga_7au_100Ry_2s2p1d.orb
