LATTICE_CONSTANT
1.8897261246257702

LATTICE_VECTORS
5.799392378740671 6.9173068125262366e-18 1.9712337271325082e-18 
-3.0053934189441365 5.324456865412551 1.961261602676282e-18 
-0.2616503230658047 -0.5455926826901561 16.617819120996 

ATOMIC_POSITIONS
Cartesian    # Cartesian(Unit is LATTICE_CONSTANT)
Na
0 
6
4.294140075979 2.662574761263 0.000918960100 1 1 1
2.896961009568 0.000357915490 0.000956950521 1 1 1
1.346089858885 0.708567074353 5.538770389515 1 1 1
2.748573758466 3.367804084004 5.538776868006 1 1 1
-0.210636221434 1.410637889528 11.077688597972 1 1 1
1.191287009306 4.070315889009 11.077645107605 1 1 1
Mn
4 
12
-0.074675984494 1.685546308954 2.770051181512 1 1 1
-1.577927208147 4.347576054352 2.771204366619 1 1 1
2.824655124931 1.685399042762 2.771066759498 1 1 1
1.321684815120 4.347747529920 2.771212206048 1 1 1
1.268238429915 2.390374916104 8.307351142249 1 1 1
-0.234236561499 5.052760978127 8.307335142063 1 1 1
-1.631321831339 2.390587203578 8.307512000754 1 1 1
-3.134098237819 5.052569920222 8.307260865722 1 1 1
1.207369122986 0.429828012085 13.849215064230 1 1 1
-0.295370749291 3.092363152457 13.848141490036 1 1 1
4.107035088796 0.430054364765 13.848074619691 1 1 1
2.604352460256 3.092064374682 13.849583672246 1 1 1
O
0 
24
2.776339887192 5.049642468347 3.826826584213 1 1 1
-1.568088561317 2.634186251494 3.752870160616 1 1 1
2.833811781963 -0.027559431493 3.753285735175 1 1 1
1.379296230867 2.387638652764 3.826331046529 1 1 1
1.417691228815 0.737149282094 1.788270861730 1 1 1
-0.133475557336 3.646458486770 1.714873190278 1 1 1
4.268787087370 0.983977372938 1.714581234930 1 1 1
2.814743234316 3.399594363135 1.788497250604 1 1 1
1.278128091160 0.676254820915 9.289779466402 1 1 1
-0.175695122183 3.091600195361 9.364083078494 1 1 1
4.226648590634 0.427958827949 9.364300070058 1 1 1
2.676084626103 3.338009226805 9.289189413169 1 1 1
-0.139552579170 1.441999810158 7.325345700979 1 1 1
-1.688784561849 4.352318573775 7.250331947406 1 1 1
2.713257796936 1.688850470611 7.250963124731 1 1 1
1.258805360650 4.103470860582 7.324518878514 1 1 1
-0.285340209378 1.378612797832 14.831362010582 1 1 1
-1.739362612928 3.794260524275 14.904640689849 1 1 1
2.662994052103 1.131909276124 14.904661390471 1 1 1
1.111668174212 4.040788880390 14.831373935287 1 1 1
-0.246489356719 -0.271224944729 12.792601819747 1 1 1
4.098295016848 2.144062490628 12.866064794510 1 1 1
-0.303765885048 4.806135584460 12.865948678761 1 1 1
1.150468410840 2.390753089498 12.792710377508 1 1 1

ATOMIC_SPECIES
Na 22.989 Na_ONCV_PBE-1.0.upf
Mn 54.938 Mn_ONCV_PBE-1.0.upf
O 15.999 O_ONCV_PBE-1.0.upf

NUMERICAL_ORBITAL
Na_gga_8au_100Ry_4s2p1d.orb
Mn_gga_9au_100Ry_4s2p2d1f.orb
O_gga_7au_100Ry_2s2p1d.orb
