LATTICE_CONSTANT
1.8897261246257702

LATTICE_VECTORS
5.542325244649044 -7.85521341626082e-18 -1.382290637522632e-17 
-2.808486845854698 5.000762255666668 -4.408155784931493e-19 
-0.4261862775922798 -0.30883105927113996 16.5061554206001 

ATOMIC_POSITIONS
Cartesian    # Cartesian(Unit is LATTICE_CONSTANT)
Na
0 
6
4.138071259334 2.500757741586 0.000229627077 1 1 1
-0.036981869216 5.000946176582 0.000246908910 1 1 1
1.234869275716 0.731260807100 5.503896374036 1 1 1
2.608818913491 3.227607384505 5.503950109465 1 1 1
-0.301147614252 1.464532413712 11.001996213859 1 1 1
1.073329690209 3.960611707496 11.002067760181 1 1 1
Ni
1 
12
-0.081808006587 1.615076498173 2.754209467960 1 1 1
-1.486038478818 4.115572898277 2.754429065374 1 1 1
2.689444116764 1.615097586817 2.754402126626 1 1 1
1.284851507705 4.115466850257 2.754613462491 1 1 1
1.153606934598 2.345622337213 8.252835050347 1 1 1
2.557836435620 -0.154781887078 8.252818428263 1 1 1
3.924805526006 2.345628869855 8.252883307226 1 1 1
-0.213272852851 -0.154851133595 8.252706952298 1 1 1
1.022927024403 0.576784632839 13.751955166426 1 1 1
-0.381722174898 3.077103798090 13.751927319650 1 1 1
3.793709208094 0.576599236480 13.751900507318 1 1 1
2.389676126720 3.077243791254 13.752259310296 1 1 1
O
0 
24
2.665224115169 4.826857814028 3.761480749804 1 1 1
-1.507516815509 2.499574491711 3.719061003026 1 1 1
2.667124430788 -0.000554419342 3.719564124744 1 1 1
1.298572931432 2.326856786676 3.761226765865 1 1 1
1.344691272326 0.730683004984 1.789813162733 1 1 1
-0.095397329459 3.404280871918 1.746829699766 1 1 1
4.080000552064 0.903409417673 1.746893571357 1 1 1
2.711773066245 3.231042906427 1.789681431190 1 1 1
1.129518346957 0.730400682504 9.219390953119 1 1 1
-0.236894664627 3.059397333181 9.258339394778 1 1 1
3.938008861085 0.556345206162 9.259363246754 1 1 1
2.498792066398 3.229569406615 9.217596446740 1 1 1
-0.191425677510 1.461760498954 7.287939985316 1 1 1
-1.630653663509 4.134875670521 7.246126168261 1 1 1
2.544273470977 1.631981446391 7.247206875083 1 1 1
1.177611767208 3.960689744963 7.286138641722 1 1 1
-0.404220969357 1.461231508555 14.716839073208 1 1 1
-1.772127510710 3.788917091042 14.759541384120 1 1 1
2.403173838583 1.287852222916 14.759791212627 1 1 1
0.963156144553 3.961390496398 14.716521727388 1 1 1
-0.357452866154 -0.134417873490 12.744933431506 1 1 1
3.815107425214 2.192615323007 12.787318327838 1 1 1
-0.359282011130 4.692686782743 12.786783502656 1 1 1
1.009263274412 2.365284348878 12.745196161105 1 1 1

ATOMIC_SPECIES
Na 22.989 Na_ONCV_PBE-1.0.upf
Ni 58.693 Ni_ONCV_PBE-1.0.upf
O 15.999 O_ONCV_PBE-1.0.upf

NUMERICAL_ORBITAL
Na_gga_8au_100Ry_4s2p1d.orb
Ni_gga_8au_100Ry_4s2p2d1f.orb
O_gga_7au_100Ry_2s2p1d.orb
