LATTICE_CONSTANT
1.8897261246257702

LATTICE_VECTORS
5.901729041861674 -8.88591880988612e-18 -1.4393964259492052e-17 
-2.8316990372393254 5.134097828810383 1.8853029528123865e-17 
0.6470922466221872 -0.2065273935033207 14.48715254084169 

ATOMIC_POSITIONS
Cartesian    # Cartesian(Unit is LATTICE_CONSTANT)
Li
0 
6
5.126970091114 2.361197222076 14.487057659497 1 1 1
3.591944089908 -0.205766775807 14.487007382392 1 1 1
1.726074606533 0.755086805980 4.836125397415 1 1 1
3.261055043111 3.322186293866 4.836069877800 1 1 1
0.455839468629 1.605728376664 9.650580883310 1 1 1
1.991530401786 4.172772990169 9.651323817218 1 1 1
Fe
5 
12
0.151193100955 1.671348018979 2.413260258682 1 1 1
-1.265513362819 4.238144119456 2.414587420421 1 1 1
3.101107767447 1.671074572374 2.414646648362 1 1 1
1.686172854691 4.238339830299 2.413209628923 1 1 1
1.860399942780 2.464048655385 7.244329094047 1 1 1
0.444440184428 5.031162009747 7.243844544235 1 1 1
-1.090598131873 2.464121059226 7.243234956039 1 1 1
-2.506370460584 5.031039501510 7.244256648606 1 1 1
2.030537531986 0.689094111865 12.072022075386 1 1 1
0.615460110011 3.255557792682 12.073191017900 1 1 1
4.982138814946 0.688614231389 12.072887877497 1 1 1
3.565568599498 3.256058808453 12.072456645717 1 1 1
O
0 
24
-2.620207219524 5.035727255852 3.459093444187 1 1 1
4.566689073914 2.533935099556 3.457834323468 1 1 1
3.031706951318 -0.033014254620 3.457901102601 1 1 1
1.746820010043 2.468471228866 3.459077660427 1 1 1
1.638261678722 0.809436896150 1.369551981399 1 1 1
0.087620914482 3.440029172971 1.367311523690 1 1 1
4.453913050724 0.873242252901 1.367380546015 1 1 1
3.173129844937 3.376186685362 1.369492344138 1 1 1
1.849637889173 0.893003457450 8.288555405821 1 1 1
0.490063770366 3.263013429402 8.290580885972 1 1 1
4.856914716730 0.696076348006 8.290688775396 1 1 1
3.384681524370 3.460077082505 8.288479956181 1 1 1
0.335678234580 1.467840832237 6.199594405007 1 1 1
-1.136569376681 4.231910218097 6.197262152044 1 1 1
3.230117043162 1.664789001655 6.197290614107 1 1 1
1.870638840475 4.034805994343 6.199502885508 1 1 1
0.543630301349 1.551449691684 13.117358559275 1 1 1
-0.738314808393 4.054634400160 13.119714574973 1 1 1
3.628606024869 1.487240572825 13.119560789069 1 1 1
2.078915588612 4.118918773625 13.117592834052 1 1 1
6.336532147939 -0.108170303593 11.027403720653 1 1 1
-0.850931554840 2.392147937208 11.029112549804 1 1 1
0.684157788083 4.959192466052 11.029045582878 1 1 1
1.970297568248 2.458752993445 11.027698213931 1 1 1

ATOMIC_SPECIES
Li 6.941 Li_ONCV_PBE-1.0.upf
Fe 55.845 Fe_ONCV_PBE-1.0.upf
O 15.999 O_ONCV_PBE-1.0.upf

NUMERICAL_ORBITAL
Li_gga_7au_100Ry_4s1p.orb
Fe_gga_8au_100Ry_4s2p2d1f.orb
O_gga_7au_100Ry_2s2p1d.orb
